
== (h) THE EXEMPLAR'S RECORDED STREAM (data/leader_tapes/16732748_56498734/112655730.json.gz), per day
day  HIRE asked (hours)            arrived  hands  unit-steps  PASS  tile-ops  moves  shed-ops | market: SELL BUY_SEED BUY_ANIMAL BUY_PRODUCT LAND
  0    4 {1: 4}                         4      4        112     9        48     48         7 |    6       13          3           5    0
  1    9 {0: 8, 2: 1}                   4      4        114    21        26     58         9 |    3        6          0           3    0
  2    6 {0: 6}                         6      6        162    40        45     71         6 |    3       13          0           3    0
  3    6 {0: 6}                         6      6        162    54        41     61         6 |    7       14          0           0    0
  4    6 {0: 6}                         5      5        139    65        25     43         6 |    3        2          0           0    0
  5    6 {0: 6}                         6      6        162    79        26     51         6 |    4        0          0           1    0
  6    8 {0: 8}                         8      8        208     2        76    106        24 |    7       23          9           1    1
  7    9 {0: 8, 1: 1}                   9      9        230    20        66    126        18 |    7        6          1           4    0
  8    9 {0: 8, 1: 1}                   9      9        230    13        83    120        14 |    9        3          0           1    0
  9   10 {0: 8, 1: 2}                  10     10        252     1       122    109        20 |    8       20          5           2    1
 10   16 {0: 8, 1: 8}                  11     11        274     0       132    127        15 |    6       18          1           3    1
 11   12 {0: 8, 1: 4}                  12     12        296     0       162    121        13 |   10       20          1           0    0
 12   12 {0: 8, 1: 4}                  12     12        296     0       180    105        11 |   15       17          1           0    0
