33 checkpoints; 10 V9 switches
112617395 d12 v9=307 pos=2 v9 19.5s turns 9985 native=181 cands=[None, 181, 307, 485, 356, 62, 47] d0=[0, 0, 7778, -10024, None, -6465, -4105] sel_deltas=[7778, 7617, 5872, 4737, 6570, 6425, 9470, 6024]
112617395 d15 v9=None pos=None v9 8.5s turns 4380 native=307 cands=[None, 307, 62, 149] d0=[0, 0, None, -13557]
112617395 d18 v9=None pos=None v9 5.1s turns 2512 native=307 cands=[None, 307, 181, 62, 149] d0=[0, 0, None, None, None]
112200188 d12 v9=140 pos=3 v9 22.2s turns 12068 native=220 cands=[None, 147, 220, 140, 240, 475, 566] d0=[0, 10410, 0, 9325, 8570, 3510, 2066] sel_deltas=[9325, 9445, 9778, 10766, 7739, 8343, 8824, 7724]
112200188 d15 v9=None pos=None v9 8.6s turns 4811 native=140 cands=[None, 140, 240, 276, 475, 220] d0=[0, 0, -6634, -3368, None, None]
112200188 d18 v9=None pos=None v9 6.9s turns 3875 native=140 cands=[None, 140, 69, 123, 295, 161] d0=[0, 0, -11098, -6205, None, None]
112460119 d12 v9=None pos=None v9 12.5s turns 6178 native=83 cands=[None, 83, 112, 391, 28, 429, 451] d0=[0, 0, -19, None, -786, -10594, None]
112460119 d15 v9=349 pos=2 v9 13.5s turns 8329 native=83 cands=[None, 83, 349, 112, 378, 391, 531] d0=[0, 0, 3094, None, -469, -834, -757] sel_deltas=[3094, 1848, 1600, 2484, 1380, 3004, 1808, 2434]
112460119 d18 v9=None pos=None v9 7.0s turns 4162 native=112 cands=[None, 349, 112, 83, 324, 561, 378] d0=[0, -293, 0, None, -874, None, -2020]
112615140 d12 v9=44 pos=6 v9 29.4s turns 12068 native=556 cands=[None, 85, 556, 37, 4, 144, 44] d0=[0, -1640, 0, 5407, 10540, 2839, 6575] sel_deltas=[6575, 688, 8241, 2627, 3250, 4964, 3757, 7203]
112615140 d15 v9=None pos=None v9 9.1s turns 5170 native=44 cands=[None, 44, 536, 37, 280, 144, 416] d0=[0, 0, None, -1054, -3410, None, -6798]
112615140 d18 v9=None pos=None v9 6.4s turns 3732 native=44 cands=[None, 44, 302, 202, 329, 312, 416] d0=[0, 0, None, None, None, -5429, None]
112543358 d12 v9=456 pos=2 v9 29.8s turns 11709 native=555 cands=[None, 555, 456, 228, 450, 190, 316] d0=[0, 2038, 3606, 2053, 1207, 1161, None] sel_deltas=[3606, 4801, 6039, 3837, 6219, 6025, 4243, 4292]
112543358 d15 v9=None pos=None v9 5.9s turns 3160 native=456 cands=[None, 456, 228, 190, 130, 437] d0=[0, 0, None, None, None, None]
112543358 d18 v9=None pos=None v9 6.7s turns 3660 native=456 cands=[None, 456, 228, 497, 437, 190] d0=[0, 0, None, -4869, None, None]
112613947 d12 v9=489 pos=3 v9 33.2s turns 11709 native=559 cands=[None, 559, 498, 489, 101, 63, 48] d0=[0, 0, 3276, 6424, -3748, -5111, None] sel_deltas=[6424, 5378, 3057, 3976, 8474, 3671, 2352, 3383]
112613947 d15 v9=None pos=None v9 9.2s turns 4524 native=489 cands=[None, 489, 566, 498, 149, 140] d0=[0, 0, None, -8020, None, None]
112613947 d18 v9=None pos=None v9 5.1s turns 2440 native=489 cands=[None, 489, 149, 566] d0=[0, 0, None, None]
112616959 d12 v9=89 pos=4 v9 28.3s turns 10344 native=298 cands=[None, 140, 298, 98, 89, 404, 514] d0=[0, 1183, 0, -115, 2673, -5471, -2231] sel_deltas=[2673, 2492, 329, 2754, 3744, 689, 2805, 2922]
112616959 d15 v9=None pos=None v9 6.5s turns 3160 native=89 cands=[None, 89, 98, 129, 298, 404] d0=[0, 0, None, None, None, None]
112616959 d18 v9=None pos=None v9 5.3s turns 2440 native=89 cands=[None, 89, 298, 404] d0=[0, 0, None, None]
112616218 d12 v9=None pos=None v9 20.5s turns 6178 native=65 cands=[None, 243, 65, 272, 564, 230, 393] d0=[0, None, 0, -2314, -2255, -901, None]
112616218 d15 v9=230 pos=4 v9 15.3s turns 8616 native=65 cands=[None, 65, 564, 351, 230, 441, 272] d0=[0, 0, -1378, -1431, 4071, -2029, -3088] sel_deltas=[4071, 4588, 5086, 7635, 3127, 7196, 4576, 5269]
112616218 d18 v9=None pos=None v9 7.4s turns 3947 native=230 cands=[None, 230, 65, 126, 564, 449, 286] d0=[0, 0, -2342, None, -3609, None, None]
112531888 d12 v9=None pos=None v9 21.2s turns 6537 native=274 cands=[None, 235, 274, 236, 571, 523, 430] d0=[0, -8581, 0, 105, -19, None, -5086]
112531888 d15 v9=None pos=None v9 9.0s turns 5170 native=274 cands=[None, 274, 236, 201, 571, 248, 523] d0=[0, 0, -4638, -7512, None, -5893, None]
112531888 d18 v9=None pos=None v9 4.8s turns 2512 native=274 cands=[None, 274, 236, 410, 21] d0=[0, 0, None, None, None]
112617649 d12 v9=None pos=None v9 21.4s turns 6537 native=10 cands=[None, 10, 402, 35, 133, 14, 366] d0=[0, 0, -11807, -4094, -3927, -6535, None]
112617649 d15 v9=None pos=None v9 8.0s turns 4596 native=10 cands=[None, 10, 357, 402, 302, 133, 367] d0=[0, 0, -742, None, None, None, None]
112617649 d18 v9=None pos=None v9 5.2s turns 2584 native=10 cands=[None, 10, 357, 546, 133, 402] d0=[0, 0, None, None, None, None]
112612772 d12 v9=575 pos=5 v9 27.0s turns 9985 native=539 cands=[None, 539, 387, 564, 371, 575, 65] d0=[0, 0, 1658, -1809, None, 4711, -1941] sel_deltas=[4711, 4042, 2389, 2496, 2485, 3253, 4599, 192]
112612772 d15 v9=196 pos=4 v9 15.3s turns 8329 native=575 cands=[None, 575, 137, 539, 196, 387, 466] d0=[0, 0, -53, -4163, 2186, -261, None] sel_deltas=[2186, 2715, 2556, 4229, 2223, 3212, 2093, 2255]
112612772 d18 v9=None pos=None v9 4.9s turns 2584 native=196 cands=[None, 196, 137, 575, 270, 318] d0=[0, 0, None, None, None, None]
count max_h lazy keep W final agree same_switch missed extra unknown cost_ratio
7 12 0 2 3 350 33 10 0 0 0 0.299
7 12 1 2 4 350 33 10 0 0 0 0.327
7 99 0 2 3 350 33 10 0 0 0 0.347
7 12 0 2 4 350 33 10 0 0 0 0.353
7 99 1 2 4 350 33 10 0 0 0 0.375
7 99 0 2 4 350 33 10 0 0 0 0.402
7 12 1 2 8 350 33 10 0 0 0 0.51
7 99 1 2 8 350 33 10 0 0 0 0.558
6 12 1 2 3 350 32 9 1 1 0 0.264
7 12 1 2 3 350 32 9 1 1 0 0.277
6 99 1 2 3 350 32 9 1 1 0 0.302
7 99 1 2 3 350 32 9 1 1 0 0.325
7 8 0 2 3 350 31 8 2 0 0 0.242
7 8 1 2 4 350 31 8 2 0 0 0.263
7 8 0 2 4 350 31 8 2 0 0 0.289
6 12 0 1 4 350 31 8 2 0 0 0.301
6 12 1 1 4 350 31 8 2 0 0 0.301
7 12 0 1 4 350 31 8 2 0 0 0.314
7 12 1 1 4 350 31 8 2 0 0 0.314
6 99 0 1 4 350 31 8 2 0 0 0.339
6 99 1 1 4 350 31 8 2 0 0 0.339
7 99 0 1 4 350 31 8 2 0 0 0.362
7 99 1 1 4 350 31 8 2 0 0 0.362
7 8 1 2 8 350 31 8 2 0 0 0.416
6 12 0 1 8 350 31 8 2 0 0 0.466
6 12 1 1 8 350 31 8 2 0 0 0.466
7 12 0 1 8 350 31 8 2 0 0 0.479
7 12 1 1 8 350 31 8 2 0 0 0.479
6 99 0 1 8 350 31 8 2 0 0 0.504
6 99 1 1 8 350 31 8 2 0 0 0.504
7 99 0 1 8 350 31 8 2 0 0 0.528
7 99 1 1 8 350 31 8 2 0 0 0.528
5 12 1 2 3 350 31 8 2 1 0 0.243
6 12 0 1 3 350 31 8 2 1 0 0.259
6 12 1 1 3 350 31 8 2 1 0 0.259
5 99 1 2 3 350 31 8 2 1 0 0.267
7 12 0 1 3 350 31 8 2 1 0 0.272
7 12 1 1 3 350 31 8 2 1 0 0.272
6 99 0 1 3 350 31 8 2 1 0 0.297
6 99 1 1 3 350 31 8 2 1 0 0.297
7 99 0 1 3 350 31 8 2 1 0 0.321
7 99 1 1 3 350 31 8 2 1 0 0.321
5 12 0 1 4 350 30 7 3 0 0 0.28
5 12 1 1 4 350 30 7 3 0 0 0.28
5 99 0 1 4 350 30 7 3 0 0 0.304
5 99 1 1 4 350 30 7 3 0 0 0.304
6 8 1 2 3 350 30 7 3 1 0 0.209
7 8 1 2 3 350 30 7 3 1 0 0.22
5 12 0 1 3 350 30 7 3 1 0 0.238
5 12 1 1 3 350 30 7 3 1 0 0.238
5 99 0 1 3 350 30 7 3 1 0 0.262
5 99 1 1 3 350 30 7 3 1 0 0.262
6 8 0 1 4 350 29 6 4 0 0 0.238
6 8 1 1 4 350 29 6 4 0 0 0.238
7 8 0 1 4 350 29 6 4 0 0 0.25
7 8 1 1 4 350 29 6 4 0 0 0.25
6 8 0 1 8 350 29 6 4 0 0 0.375
6 8 1 1 8 350 29 6 4 0 0 0.375
7 8 0 1 8 350 29 6 4 0 0 0.386
7 8 1 1 8 350 29 6 4 0 0 0.386
5 8 1 2 3 350 29 6 4 1 0 0.194
6 8 0 1 3 350 29 6 4 1 0 0.204
6 8 1 1 3 350 29 6 4 1 0 0.204
7 8 0 1 3 350 29 6 4 1 0 0.215
7 8 1 1 3 350 29 6 4 1 0 0.215
5 8 0 1 4 350 28 5 5 0 0 0.223
5 8 1 1 4 350 28 5 5 0 0 0.223
5 8 0 1 3 350 28 5 5 1 0 0.189
5 8 1 1 3 350 28 5 5 1 0 0.189
6 12 0 2 3 350 32 9 0 0 1 0.281
6 12 1 2 4 350 32 9 0 0 1 0.307
6 99 0 2 3 350 32 9 0 0 1 0.319
6 12 0 2 4 350 32 9 0 0 1 0.333
6 99 1 2 4 350 32 9 0 0 1 0.345
6 99 0 2 4 350 32 9 0 0 1 0.371
6 12 1 2 8 350 32 9 0 0 1 0.481
6 99 1 2 8 350 32 9 0 0 1 0.519
5 12 0 2 3 350 31 8 1 0 1 0.256
5 99 0 2 3 350 31 8 1 0 1 0.28
5 12 1 2 4 350 31 8 1 0 1 0.286
5 12 0 2 4 350 31 8 1 0 1 0.306
5 99 1 2 4 350 31 8 1 0 1 0.31
5 99 0 2 4 350 31 8 1 0 1 0.33
5 12 1 2 8 350 31 8 0 0 2 0.452
5 99 1 2 8 350 31 8 0 0 2 0.476
7 12 0 2 8 350 31 8 0 0 2 0.553
7 99 0 2 8 350 31 8 0 0 2 0.602
6 8 0 2 3 350 30 7 2 0 1 0.226
6 8 1 2 4 350 30 7 2 0 1 0.245
6 8 0 2 4 350 30 7 2 0 1 0.271
6 8 1 2 8 350 30 7 2 0 1 0.39
5 12 0 1 8 350 30 7 2 0 1 0.436
5 12 1 1 8 350 30 7 2 0 1 0.436
5 99 0 1 8 350 30 7 2 0 1 0.46
5 99 1 1 8 350 30 7 2 0 1 0.46
5 12 0 2 8 350 30 7 0 0 3 0.489
5 99 0 2 8 350 30 7 0 0 3 0.513
6 12 0 2 8 350 30 7 0 0 3 0.525
6 99 0 2 8 350 30 7 0 0 3 0.563
5 8 0 2 3 350 29 6 3 0 1 0.207
5 8 1 2 4 350 29 6 3 0 1 0.23
5 8 0 2 4 350 29 6 3 0 1 0.25
5 8 1 2 8 350 29 6 2 0 2 0.366
7 8 0 2 8 350 29 6 2 0 2 0.46
5 8 0 1 8 350 28 5 4 0 1 0.351
5 8 1 1 8 350 28 5 4 0 1 0.351
5 8 0 2 8 350 28 5 2 0 3 0.403
6 8 0 2 8 350 28 5 2 0 3 0.434
