
== leaders ['DECEM', 'DSM', 'MG', 'Vadim']: THIRD quadrant in 400 games
1. per day start (mean tiles of 25): day / crop / animal / empty-or-weed / other
    9   0.0   0.0   0.0   0.0
   10  16.7   4.4   3.9   0.0
   11  19.5   4.9   0.6   0.0
   12  19.9   4.9   0.2   0.0
   13  19.8   5.0   0.2   0.0
   14  19.8   5.0   0.2   0.0
   15  19.8   5.0   0.2   0.0
   16  19.7   5.0   0.3   0.0
   17  19.7   5.1   0.2   0.0
   18  19.7   5.1   0.3   0.0
   19  19.7   5.1   0.2   0.0
   20  19.7   5.1   0.2   0.0
   21  19.3   5.0   0.6   0.0
   22  19.2   5.0   0.7   0.0
   23  19.0   5.0   1.0   0.1
   24  18.9   4.9   1.2   0.0
   25  18.8   4.9   1.3   0.0
   26  18.3   4.8   1.8   0.1
   27  17.8   4.7   2.4   0.0
   28  15.2   4.7   5.0   0.0
   29   7.8   3.9  12.4   0.8
2. plantings by window: days <= 11: wheat 15.2, tomato 4.0, strawberry 3.2, carrot 1.0 | days >= 12: wheat 24.6, carrot 22.2, tomato 4.1, strawberry 2.4
4. animals per day start:
  goose   2.3  2.6  2.6  2.6  2.6  2.6  2.6  2.6  2.6  2.6  2.6  2.6  2.6  2.6  2.5  2.5  2.5  2.5  2.4  2.2   (animal-days 51)
  cow     1.8  1.9  1.9  1.9  1.9  1.9  1.9  1.9  1.9  1.9  1.9  1.8  1.8  1.8  1.8  1.7  1.8  1.7  1.8  1.6   (animal-days 36)
  sheep   0.3  0.4  0.4  0.5  0.5  0.5  0.6  0.6  0.6  0.6  0.6  0.6  0.6  0.6  0.6  0.6  0.5  0.5  0.5  0.2   (animal-days 11)
